1111111111111111.1000001110111110
0000000000000010.0010110001010101
0000000000000000.1000000110111111
1111111111111110.1101111100111101
1111111111111111.1101001001101001
1111111111111111.1111110010010010
1111111111111110.0100010000011110
1111111111111111.1100101101001111
0000000000000000.0011110100111111
1111111111111110.1111100101011110
0000000000000000.0011100110101001
1111111111111111.1100011100011111
0000000000000000.0000101001111100
1111111111111111.1111101001011100
0000000000000000.1001110111101101
1111111111111111.0010101111001111
1111111111111111.1001010101010001
0000000000000001.0111100111100111
1111111111111110.0100111111010111
1111111111111101.1011110111111111
0000000000000000.0010011011100000
1111111111111110.1001110111011001
0000000000000001.1001010000111110
1111111111111110.1011001010001010
0000000000000001.0000001000011000
1111111111111111.1011111011011010
1111111111111111.1101000111100100
0000000000000000.0000011111111000
1111111111111111.0010101110001011
1111111111111111.1110011111111101
1111111111111111.0001110010011101
0000000000000000.1001111010110011
0000000000000000.1011011101111101
1111111111111110.1011101010111011
0000000000000000.1100101001110011
1111111111111110.1001011001000011
1111111111111111.0101000110000000
0000000000000000.1100100001010111
0000000000000000.1111110111001011
1111111111111111.1110101001000011
1111111111111111.0110000000111001
0000000000000001.0101111101011011
1111111111111111.1110011010001101
1111111111111111.1001010110010010
0000000000000001.1101010100010000
0000000000000000.0110010010010101
0000000000000001.0101011100001110
0000000000000000.0001011100101011
0000000000000000.0111011110110011
1111111111111111.1001100011110110
0000000000000001.0101101011111000
0000000000000001.1000001000110000
0000000000000000.0100100011100100
1111111111111110.1100001111011011
0000000000000001.1001100001010000
1111111111111111.0011000110011110
0000000000000000.1101100110010001
1111111111111101.1011101101111010
0000000000000001.0000100001110100
1111111111111111.1100000100010000
1111111111111101.1010000100011011
1111111111111110.1001010101101100
0000000000000000.0000111111100101
0000000000000000.0001001101101110
0000000000000000.1011001110101101
0000000000000000.1111001000010011
1111111111111111.0100000110010101
0000000000000000.0000110110100101
1111111111111101.1001101110100011
0000000000000001.0010110000100101
0000000000000000.1110100101010010
1111111111111110.1011011011101010
1111111111111110.1110010011010001
1111111111111111.1101110111011001
0000000000000001.0010100001000110
0000000000000000.0100110111011101
0000000000000000.1101100110111110
1111111111111110.1100001011100011
1111111111111110.1000100100011100
1111111111111110.1101111100110101
0000000000000000.1010100100010100
0000000000000000.1000111101110100
1111111111111110.1110011001000111
0000000000000001.0000010111110111
1111111111111111.1010010000010000
1111111111111111.1001000000001001
1111111111111111.1000000110110111
1111111111111110.1001011010000110
0000000000000000.0011101101010011
1111111111111110.1101110101101000
0000000000000000.0111100000111101
0000000000000000.0001011000110100
1111111111111111.1111101011110011
1111111111111111.1110001101011100
0000000000000010.0111000010000110
0000000000000000.1001110101100001
0000000000000001.0000010100101010
0000000000000000.1000000010000000
1111111111111110.1010001001011011
0000000000000000.0000111100011010
0000000000000000.0110110100011000
1111111111111110.1110110111001101
0000000000000000.0000101010010011
0000000000000001.0011001011000111
1111111111111110.1001111111000100
0000000000000000.0111001001001010
1111111111111111.0011111010110011
0000000000000000.1010111001100110
1111111111111110.0110100001001000
1111111111111111.1001101011110110
1111111111111110.1100001000101001
0000000000000000.0101001000100101
0000000000000000.1001111110100101
1111111111111110.1000111111101101
1111111111111111.1110111110010111
0000000000000001.0100010000011000
0000000000000000.0100110001101100
1111111111111111.1101101011101101
1111111111111111.0101110011011001
0000000000000000.1100111010101110
0000000000000000.1011111100011111
0000000000000000.1101100100110010
0000000000000001.0001101101100100
0000000000000000.0110111001000111
1111111111111110.0011010000000110
1111111111111101.1001100001000001
0000000000000001.0111010010111101
1111111111111111.0110100011001111
1111111111111111.1111010010111011
1111111111111110.1010001010111111
0000000000000001.0011100000001100
1111111111111111.0101001110001011
0000000000000000.1010010101111101
1111111111111111.1010101011111011
1111111111111111.1010000010101000
0000000000000000.0100010000110100
1111111111111110.1010110001110100
1111111111111111.0110011001101110
0000000000000001.0100000111000001
1111111111111111.1101000001000010
1111111111111110.1011010101010100
0000000000000000.0101100000101111
0000000000000001.0100011101011110
0000000000000000.1111111101011100
0000000000000000.0110000110110010
0000000000000000.1011110101110100
1111111111111110.0111100011011000
0000000000000010.1110000110010001
0000000000000000.0011011011000100
0000000000000010.0000000000100110
