-0.485390
2.173179
0.506827
-1.127982
-0.178098
-0.013409
-1.733932
-0.205832
0.239251
-1.025922
0.225235
-0.222190
0.040964
-0.022045
0.616909
-0.828886
-0.416733
1.476193
-1.688140
-2.257835
0.151860
-1.383410
1.579081
-1.302591
1.008192
-0.254496
-0.180118
0.031134
-0.829915
-0.093800
-0.888231
0.619923
0.716752
-1.270594
0.790821
-1.413053
-0.681642
0.782587
0.991390
-0.084926
-0.624142
1.372493
-0.099415
-0.415755
1.832282
0.392908
1.340060
0.090513
0.467583
-0.402506
1.355361
1.508552
0.284744
-1.234949
1.594971
-0.806192
0.849881
-2.267682
1.033027
-0.245858
-2.370688
-1.416322
0.062103
0.075911
0.701862
0.945609
-0.743821
0.053302
-2.392050
1.172452
0.911421
-1.285501
-1.106191
-0.133412
1.157327
0.304166
0.850558
-1.238726
-1.464430
-1.128099
0.660463
0.560371
-1.100489
1.023310
-0.359139
-0.437369
-0.493309
-1.412024
0.231738
-1.135138
0.469695
0.086741
-0.019739
-0.111884
2.439559
0.614764
1.020186
0.501962
-1.365809
0.058992
0.426154
-1.071095
0.041317
1.198358
-1.375924
0.446456
-0.755088
0.681247
-1.592659
-0.394691
-1.241574
0.320890
0.623622
-1.437800
-0.064116
1.265996
0.298525
-0.144822
-0.637326
0.807356
0.746567
0.848428
1.107005
0.430773
-1.796787
-2.405262
1.456015
-0.590597
-0.044028
-1.364277
1.218934
-0.673662
0.646451
-0.332116
-0.372442
0.266432
-1.326355
-0.599885
1.256853
-0.186495
-1.291692
0.344474
1.278790
0.997501
0.381633
0.740056
-1.527965
2.881131
0.213943
2.000584
