-517.272194 -1026.721818 -287.333909 -373.797302 -581.762715 -874.153531 -479.769201 -66.438918 -858.437407 -880.035636 -473.864330 -378.630149 -261.143292 -1007.352218 96.221119 -1008.446650 -1138.841401 -828.880393 -223.136663 -775.759229 -1007.193644 -647.671841 -711.013916 -772.390274 -1102.848038 -763.288159 -749.318245 -161.650985
-765.034849 -743.214128 -588.692317 -375.552145 -1167.411839 -403.915511 -878.877191 -323.336867 -11.071091 -879.047555 -194.253796 -638.806253 -543.816528 -1428.516124 -290.091667 -500.439362 -617.015937 -596.676572 -761.825805 -550.083623 -1240.077036 75.856625 -1099.398382 -883.362419 -418.254320 -364.314684 -608.112041 -482.587773
-347.121418 -385.288094 -207.517415 -1328.857396 -673.455067 -781.649051 -42.623039 -618.976443 -810.378048 -335.400372 -848.694489 -836.698057 -71.972202 -402.549306 -621.037195 -556.683359 -291.734884 -241.057335 -458.062641 -805.653036 -337.797324 -535.875875 -150.658429 -205.945566 -1113.286650 -639.833145 -315.388644 -1044.721238
-955.948829 -934.498113 -804.061594 -217.750096 -717.383752 -353.554321 -748.190331 -480.938349 -218.409883 -1156.300889 -355.140327 -376.455808 -37.776016 -609.462831 -145.139211 -844.853851 -562.294523 -37.347198 -540.854045 -508.660484 -790.483639 -366.446262 -1082.140947 -1066.206513 -681.761606 -687.881997 -898.958278 -670.979662
-261.185471 -177.245153 -963.404404 -430.415527 -546.853713 -952.738733 -1002.556823 18.448197 -257.885571 -546.019787 -668.075709 -563.905659 -419.160012 -923.848456 -756.191494 -385.997868 11.205887 -279.659073 -576.789887 -644.721559 11.839889 -751.548006 -500.561444 -519.574271 -1176.947715 -300.302925 -4.459196 -1309.796688
-526.457562 -920.536341 -971.235985 -734.260149 -998.552689 -56.422110 -298.489178 -340.294306 -530.344618 -1282.148468 -404.130706 -552.639017 -395.629864 -620.043423 -641.402225 485.471035 -1400.800198 -272.930473 -556.376600 -617.455089 -1079.469132 -739.645582 -895.866053 -416.009959 -473.036568 -1564.231827 -799.879358 -568.377368
-426.611196 -1215.088448 -447.588343 -162.588016 -808.882701 -653.285492 -620.593951 -377.043093 -440.993969 -1023.765891 -609.876958 -795.048146 95.835289 -578.123062 -364.077484 -891.344691 -575.809547 -964.004772 -872.778117 -678.010180 -974.457402 -402.092045 -547.688021 -860.030779 -1368.224344 -503.097317 -281.431080 -1159.434825
-354.748158 -837.246357 -774.207717 -730.825441 -841.370440 -791.060378 -174.340570 -757.935950 80.346819 -508.931913 -682.564994 -706.635853 -1127.811110 -764.690159 -850.895846 -250.657973 -769.372978 -335.045324 -809.706126 -944.589263 -889.652669 -488.825744 -862.653238 -436.358621 -988.339651 -442.900523 -93.645065 -1059.082014
-894.931546 -692.215367 -649.391002 -1053.547386 -181.466213 -88.213917 -648.063588 -659.120886 -889.580200 -1434.816032 -426.643987 -66.407057 -979.100103 -1124.079755 -395.506391 -516.055313 -234.177140 -1158.714309 -1700.881036 -75.462837 -702.762131 -503.814174 -1451.895255 -457.206578 -79.054226 -868.742705 -536.673623 -1001.656112
-848.370595 -316.898389 -768.128381 -1017.356130 -709.081431 -686.045984 -690.054271 -1110.288616 -241.982112 -266.954311 -1373.860308 -555.640086 -11.512631 -503.995034 -1171.557759 -921.581614 -953.055142 -951.096704 -137.366916 -1324.029784 -549.756746 -146.788228 -921.364585 -158.448439 -538.108246 -344.659128 -1202.138900 -46.534852
73.829520 -465.609590 -750.384618 -90.436787 -354.302468 -1204.233830 197.043470 -455.216685 -732.352749 -14.475623 -1226.602417 -759.318722 -761.717854 -948.096757 -997.302431 -597.466140 -68.387867 -1083.228941 -618.084074 -608.601530 -383.320773 -93.116365 -604.648109 -630.027084 -869.573268 -672.517309 -1097.324833 -447.029601
-644.186755 -1285.805414 -433.911962 -1054.192880 -645.651674 -732.883707 -1162.807423 -280.071883 -1241.918108 -1160.778069 -228.878368 -867.431484 -1173.399689 -615.223442 -262.913599 -889.895149 -450.901066 -826.547179 -540.470846 -856.047811 -688.628652 -542.277733 -740.757245 -638.582812 -473.493731 -861.766779 -815.956201 -835.650900
-90.114663 -1285.665306 352.472900 -1247.280159 -527.554449 -227.722580 -110.972103 -1105.381441 -771.325616 -182.613958 -943.562038 -335.181174 -1048.676352 -958.748337 -100.861454 -1122.600784 -1041.540797 -1012.406771 -275.833540 -25.739692 -812.663051 -309.350150 -294.412819 -1095.363418 386.169044 -612.590020 -1707.243783 329.042076
-420.577199 -434.933962 -844.200345 -761.986930 -64.086192 -1608.518011 -773.138501 -536.785845 -941.264453 -624.163836 -950.394688 -800.079463 -73.000140 -374.965702 -1359.365420 -743.248704 -140.260325 -935.147380 -126.992953 -1052.723759 -817.768280 -460.841743 -231.653340 -1538.762315 -1084.025310 -397.839443 -645.686616 -708.044752
-531.362248 -827.412064 -423.430382 -1507.504246 -316.600129 -755.254715 -377.175447 -596.513882 -741.457538 -173.232074 -466.295236 -951.681695 -956.375872 -206.679935 -508.015908 -687.489492 -428.864831 -606.886571 48.545146 -1006.473191 -849.382061 -1011.454972 -694.208486 -491.000368 466.142150 -1321.159290 -1012.054493 -458.884200
-113.669172 -892.855771 -299.188711 -249.176207 -862.848366 -1110.361024 -30.763794 -968.247053 -744.858559 -1284.554949 -382.010778 385.675810 -1231.856360 -114.372400 -546.743943 -347.958162 -1265.044671 -416.456182 -580.547090 -504.574859 -509.908884 -708.680172 -1133.555465 -1145.982177 -498.554838 -746.330391 -1243.639106 -576.111486
-615.604044 -968.773862 -586.285784 -862.970071 -513.103016 -1151.366203 -1351.894602 -566.765561 501.073081 -342.449111 -688.196560 -374.516090 -195.273021 -247.492831 -1036.739616 42.305947 194.369052 -961.519657 -769.910825 -155.307744 -558.890541 -599.919562 -974.927055 -693.168254 -582.321961 -1450.713241 -99.091038 -329.770464
-1332.771942 -289.500158 -750.772926 -798.676610 -381.940149 -571.365089 153.467584 -534.827607 -93.418379 -1176.607651 -268.261855 -661.197353 -1137.371681 65.853582 -994.889981 -454.832532 -409.225120 -729.926837 -943.578905 -1199.904277 -523.932983 -800.298252 -1015.742869 -585.197250 -61.987492 -840.659619 -1212.472026 -619.396567
-444.398919 -140.627397 -474.105191 -1123.631295 -11.152331 -737.811805 -894.358397 -540.312056 -250.626042 -1316.550036 -182.761452 -468.785023 -685.244325 -609.863106 -668.037344 -25.963640 -1119.859059 -722.859950 154.201473 -67.514793 -1297.289489 11.675093 -891.347908 -67.570707 -853.377842 -1050.727444 -367.156598 -718.914152
-554.974522 -691.711082 -1084.830856 -843.191981 408.954193 -943.426705 -546.825664 -713.193637 -249.919704 -54.083922 -728.061339 -1042.329650 -151.286626 -817.341296 -332.513020 -675.640676 -124.448214 -1097.814392 -844.669521 -1007.456135 -152.114889 -975.625625 -946.331714 -616.144065 -171.656024 -615.298426 -1081.902227 -212.726079
-94.144494 -836.943231 -904.718611 -131.253412 -520.931496 -1040.018448 -171.986210 -472.859080 -788.387463 -666.389069 -314.883021 -1116.489510 -830.574012 -662.314537 -607.491307 -869.069967 -1388.280754 290.987580 -1427.665436 -525.485428 -446.548094 -91.658953 -185.044661 -1068.911719 -519.851328 -410.456999 -543.331419 -737.158614
-430.461709 -1215.089406 -1093.289406 -217.231510 -679.514719 -1027.028145 -769.626900 -884.973805 -603.960033 -1062.830507 -447.788555 -17.494787 -482.274233 -1235.323938 -71.716702 -346.140594 72.853219 -1171.385918 -672.451422 71.838485 -1174.606099 -867.581744 -55.097834 -673.021948 -566.316724 -1194.716808 -204.084792 -692.660198
-80.173300 -413.278707 -702.780244 -991.453000 -776.699191 238.014971 -808.521767 -1521.870831 276.351544 36.172307 -938.213648 -853.408818 -181.014567 -258.072859 -560.544543 -1063.624732 -734.759514 -685.716454 -1173.187587 -501.588420 -502.915657 -183.227948 -967.710577 -750.553750 -22.084045 -649.122366 -819.191991 -983.132154
-781.999275 -624.718704 -909.119799 -266.689451 -617.375439 -322.852031 -1072.019390 -690.561584 -1125.482169 -725.228987 -619.265272 -524.970259 -808.563734 -1174.529111 -220.601362 -228.881248 -1067.808374 -880.237952 -433.663883 -611.759386 -574.223218 -63.235325 -1027.865706 -164.682313 -648.483146 -1222.862398 -127.715926 -896.334822
-347.278473 -646.639886 -1339.299919 -794.968366 207.399565 -611.621743 -963.552824 -22.219974 -313.387174 -1269.713079 -65.927176 -168.375665 -1029.900066 -481.553340 -362.335321 -603.970512 -296.599893 -415.525069 -161.092770 -300.494765 -198.002987 -747.521897 -847.456835 -20.058756 -856.972493 -1018.442522 -849.976899 -365.797775
-818.346289 -350.017128 -842.520876 -667.670615 -249.550475 -957.631115 -610.855953 -1288.500816 237.303259 -540.594606 -548.396973 -930.707156 -393.168988 -450.232588 -182.479038 -1543.470675 -313.762448 -131.543886 -1210.395111 -783.822525 -654.734429 -411.027971 -355.661087 -1083.553276 -967.172612 -255.538447 -382.406526 -572.592148
-523.347451 -1119.013102 -1134.269731 -617.459986 -493.508045 -802.044121 -443.840688 -964.597275 -840.337603 -606.456041 -501.157891 -1155.349011 -563.345893 -57.445992 -1143.521783 -585.786255 -88.823804 -890.782250 -305.474830 233.761398 -645.095386 -316.868370 -898.538272 -612.416701 -450.364509 -547.622219 -395.041506 -613.138017
-760.230239 -623.426626 -1227.958627 -324.201523 -249.475511 -921.550589 -354.753446 -543.646387 -453.806082 -963.667898 -550.411225 -358.910999 -159.283968 -900.293621 -192.647929 -115.459382 65.171860 -1013.958115 -848.952766 -598.380440 -598.143231 -948.078057 -1096.687590 -128.592278 -344.138304 -1296.628709 -607.098635 -577.984286

644.309795 -254.932546 462.643143 250.910048 128.228373 435.656219 -122.340856 262.242450 707.124265 -53.106459 140.103445 609.698274 39.319740 2.301877 331.773834 793.566302 326.924772 194.373015 297.701531 837.472460 -59.226619 690.153858 482.884245 131.659243 644.396811 255.820204 622.821636 211.200436
573.328757 -126.683577 499.155063 141.188225 242.061202 295.205570 439.289187 284.210975 95.123691 364.184723 208.417782 314.869367 416.162513 243.171398 -209.417316 380.771000 319.678213 157.982365 59.509808 261.785874 15.430115 -17.463531 775.229628 434.215754 -3.128021 373.625959 496.719695 -146.483697
152.483960 93.148776 473.927566 401.660394 327.263534 831.446067 211.099509 126.043151 122.870357 -477.831733 273.640851 526.407520 371.645380 195.313636 76.668227 327.728198 -392.557649 86.345206 -75.013378 432.450638 -234.512789 439.899429 50.725008 54.688658 438.627370 79.901019 475.420403 431.024814
454.174408 87.472962 275.641153 276.281606 644.948970 338.192618 140.537347 54.937892 -176.655490 319.090062 55.408295 431.518501 359.939380 -52.974962 -67.878739 31.548262 107.250508 234.837993 281.732228 55.034431 226.366357 323.090138 699.925018 157.670952 -182.547849 778.970929 597.451411 246.683157
-41.880529 481.251160 827.830078 559.146023 -47.751870 399.544996 210.198152 -426.682539 350.274281 -28.822628 547.245567 430.123681 764.766625 152.859630 -44.439095 272.884424 -220.409076 464.209887 192.673156 118.706613 280.637022 1102.452965 62.252966 490.456829 885.307665 -52.113501 427.216404 806.639267
224.092869 384.103399 727.963882 214.629168 651.439385 -233.562064 28.924646 381.184369 384.761278 381.014787 247.926533 330.791660 361.798367 456.944779 96.729171 219.397420 684.444002 -81.401303 425.850229 602.010798 637.019113 706.743355 686.585830 335.898359 483.475279 483.446531 324.139571 390.016309
247.889287 702.037419 -172.765251 598.898417 289.115431 -114.606158 176.846246 154.887688 723.089776 490.259506 431.686689 161.208641 -131.821256 283.342619 117.992332 744.568914 202.437953 767.234844 792.897071 296.273280 590.989104 521.910798 275.195251 204.191466 -12.874071 123.224203 309.262664 368.983660
415.108494 508.704363 -275.852275 139.872632 458.355456 452.778652 391.169162 213.370487 84.779848 -239.558945 289.601589 744.066378 572.309396 275.663137 211.600056 399.048530 823.383281 228.406674 255.483161 710.393312 671.268800 147.596523 -128.692507 -113.834634 484.416302 -67.799148 771.374525 121.484468
513.744355 208.667930 75.531789 196.133377 55.586791 620.954854 466.697304 254.159837 364.176717 218.864362 -71.233975 667.431948 981.067889 589.170199 85.502066 618.367282 -228.369489 382.396388 778.804543 146.072201 484.167621 254.211877 11.291644 -93.108616 271.326645 306.632440 302.178156 436.350564
267.734430 109.746319 446.635509 735.795905 -9.496420 263.956317 609.526842 -299.099147 104.015009 504.141993 596.441233 222.843314 268.914025 496.301733 577.347935 207.121902 150.832620 375.122470 9.822349 895.769985 -9.694468 -139.915938 298.959014 -230.737309 511.553527 -68.664236 339.905841 148.676503
220.998755 377.645715 -9.905758 -57.098233 784.484773 147.796259 -103.842708 542.264913 264.415571 399.020347 693.189383 179.843736 345.172326 241.927715 -19.639793 509.022923 706.742284 325.265101 3.224338 158.116742 -149.711199 162.992367 84.516114 463.886896 332.127702 323.263156 725.303850 9.502693
637.769524 -44.922539 193.613993 336.446930 229.004707 411.426630 411.208071 355.617716 488.613750 406.516578 235.124593 912.574684 249.620668 -396.601026 725.805215 682.921838 299.692092 165.444059 -138.057698 550.511266 54.153651 524.442948 -129.886474 89.791373 1041.236523 334.230550 293.023925 480.539595
498.426294 517.483957 -196.869342 563.141778 -4.051182 304.376160 430.364900 437.400300 340.228034 419.366610 236.265609 -269.912265 629.276680 631.143279 61.430599 244.672118 409.334343 537.268075 -136.723162 -6.929684 159.643455 231.596623 813.703358 395.563918 -192.024656 959.596668 186.202425 -126.169710
587.414941 111.024354 175.973776 25.469988 558.527560 965.993385 114.879404 789.040263 214.867584 464.252474 95.289170 -285.635477 259.297090 331.938146 535.332921 -133.948357 106.952907 228.152999 255.188144 568.765873 -360.063125 319.224502 578.989950 803.352346 344.382297 362.334230 -70.610482 158.019342
428.756457 -109.946112 349.949290 709.338160 -205.548506 411.746687 247.684472 587.633847 -214.540982 -440.629747 619.588268 513.477500 -92.474896 19.326649 712.007506 -272.941735 -167.413368 200.952227 260.247733 766.098987 164.775913 439.298442 634.806078 -67.140724 32.374676 991.222743 -126.145462 74.954416
335.328923 -167.989460 284.403551 281.814593 894.275581 666.324701 -353.491889 347.550193 149.085589 511.637896 -159.280055 -33.018786 558.985355 -289.319229 26.950467 55.777433 562.585495 -322.152714 289.456763 554.712310 195.323855 554.402866 816.180346 256.528457 -48.320282 549.476523 294.016725 680.361332
457.746294 267.268275 224.648086 494.275102 418.456383 347.378307 440.846680 257.171823 -331.610876 331.391831 -67.553088 217.597434 -84.607940 39.293767 380.892442 -226.819794 545.522174 673.384864 137.887103 62.322706 276.331934 379.232376 614.738468 52.828123 639.187413 807.307296 -437.931693 634.693357
512.269424 162.355530 638.264809 58.688638 -116.855122 66.345605 -33.167560 280.359722 -128.899357 189.454140 -210.164491 543.773829 483.250583 384.181213 735.116379 111.251992 649.147132 167.723625 533.245969 516.820990 347.677444 239.056004 171.465486 16.172944 595.620147 334.100484 63.591918 31.378765
361.692261 105.514141 532.879816 -56.928752 -93.281801 147.200543 261.500206 -28.618196 346.566967 550.285634 -320.718046 1038.321713 284.560487 593.523885 366.299854 111.756266 663.792347 -448.690912 -11.172143 518.193763 589.730411 159.017552 39.572157 -193.827268 670.181309 153.292963 -427.622245 655.604989
189.598040 181.001499 635.839725 -124.567638 152.175756 553.567875 16.008323 345.959162 672.054071 498.319491 366.511369 624.880435 -293.447747 757.621125 245.642633 -113.794425 173.808255 572.766730 235.493245 586.799311 174.148563 865.618146 172.416829 -586.214242 290.409132 173.266754 513.780604 511.196095
142.931277 386.605777 152.368895 -49.381103 1054.579596 405.263255 -204.279041 758.735966 877.340316 263.037309 204.420711 587.423062 159.499175 -7.020073 -36.531502 472.724675 646.193266 -262.905860 985.813866 367.103499 76.892544 33.298699 -8.764415 346.669433 233.235549 3.885165 362.497008 854.713914
390.669399 932.426939 418.416273 -134.821786 810.199966 538.708151 68.224982 32.603513 409.716300 429.815721 26.139151 -43.370065 -225.603231 519.023962 -117.553088 561.193566 108.877200 673.476546 243.796939 191.151171 513.178423 -156.276535 -129.260463 426.289311 486.764611 651.976113 156.154935 417.101154
331.559946 520.086834 149.200652 249.087486 475.416971 -209.134840 539.533816 83.288478 -560.606714 532.272539 593.290031 -81.687135 32.311444 158.579391 826.780546 601.563146 298.175033 403.140781 199.671488 166.006308 322.239532 -125.050604 618.473727 108.411606 345.242982 640.343359 251.196833 -41.819456
760.450634 126.138421 -317.964759 174.327057 631.900299 -187.955078 303.601332 358.546925 416.133824 253.488504 399.688193 230.225561 754.918363 473.222295 -298.694015 735.159360 248.882048 250.137946 -14.676881 230.811837 46.288718 -123.939642 224.151902 2.993509 678.007264 392.928518 -107.684672 470.901481
422.994365 562.511508 411.022293 531.929221 167.494614 223.489240 43.709200 -165.691540 997.920777 675.737093 -150.700856 430.267235 249.232225 -231.288514 436.091690 42.483925 -410.313551 172.461556 125.403962 259.814387 125.641572 270.533691 459.373889 -69.228166 599.047231 -50.601781 852.160326 322.997031
664.615581 499.662925 520.213627 462.284053 607.065075 614.309929 171.538737 72.069033 355.055019 678.308771 118.016744 -74.458211 224.747028 389.988133 362.190243 162.390313 -367.891940 433.635571 529.011658 249.138655 135.414393 403.876140 389.407378 420.110612 482.912042 188.960669 548.490679 503.512714
643.841086 535.426501 6.714378 47.183499 431.007048 191.502876 157.625940 320.199260 432.993988 66.697344 -208.821175 471.560604 228.199230 78.648567 556.779423 414.615709 252.791258 460.249004 -263.372905 94.883955 665.351085 343.443876 124.382656 331.084471 632.555349 23.206437 62.614050 113.236699
213.085460 50.015568 91.862432 -230.805229 374.976048 421.381873 -253.998831 127.085047 379.496291 211.102056 45.909697 481.152807 -97.537175 314.623831 208.297237 -221.947879 280.094173 793.531823 217.447744 483.230342 201.671839 629.087506 452.198223 168.922349 759.191980 -21.952456 -263.105206 425.074052

409.980394 -395.476979 -1142.151528 276.965513 -167.039441 221.446136 -876.523061 -300.162831 261.747648 335.897149 -297.862915 98.981276 -65.519009 -751.844757 388.808194 -439.762761 -50.692410 -1063.491507 -559.166135 411.239829 -586.723320 -922.005153 -590.978099 -425.405855 -558.717027 -176.209648 -841.007229 88.769236
191.260344 -1014.090679 -369.838188 99.530047 -704.946083 -319.534495 -1225.077212 -357.000352 230.080393 -10.609448 518.744712 -1068.317885 -553.417986 -1161.333945 -19.964974 -400.472976 566.574264 -253.704775 -375.838615 -169.960784 -185.068116 -367.688964 -390.808431 -73.060874 69.019052 -216.176634 -677.632356 46.067604
259.792055 272.602545 103.720452 -666.797994 -723.619118 -591.584857 22.764830 -976.473113 -91.291441 -16.067881 -7.169139 -849.520456 188.786670 -598.951761 -201.644754 138.298511 -720.989830 -61.282137 -487.985133 280.022843 -28.558514 -867.421587 -840.965131 111.590003 -176.243357 -1319.318590 -41.116656 -726.276170
125.045344 -22.237124 -234.796091 -240.707113 178.902015 -395.122445 -241.906021 -1053.575405 -83.082034 139.713601 -81.778609 -201.357342 -248.807178 219.461888 -462.270977 392.552594 -777.501710 175.304938 119.408777 684.348767 -579.516456 73.171265 -352.362822 -85.754643 -555.937922 -603.560902 -133.121892 -81.856893
-175.037527 -160.972636 225.986058 -14.898971 -1253.939969 -795.180989 -576.508766 -45.079626 250.708925 434.560034 -251.764350 -748.175009 -387.737449 -74.563037 -502.508396 -461.759920 471.662363 236.850841 566.174874 -85.770388 317.124794 -65.210803 288.571937 -441.928653 -136.822373 69.167206 -807.582877 129.819462
-712.690010 26.002121 -573.195519 18.730992 -635.336664 119.144221 -873.746489 371.148260 -130.156188 -599.144466 72.715297 -1046.589717 -276.929099 -285.601311 -71.209749 65.602876 -401.139530 -636.390856 -579.401186 -99.931409 -661.749265 -618.509139 -603.496190 334.433974 231.152711 -1075.097948 -662.936360 -858.893026
-209.075721 -760.579801 -298.575138 -404.325626 371.925035 -797.155642 -610.993077 -622.506570 245.181066 193.400958 -51.827718 -501.276707 -1049.244634 -237.493056 -591.381113 -125.024618 -1119.645963 80.701275 21.342989 -542.253472 -1358.573127 -924.834670 -169.579050 -309.256142 -337.741152 -604.266610 -250.885113 -176.033862
-486.552967 -482.876440 -357.387352 -373.070585 -850.775674 -150.669768 -10.007985 -1284.832717 791.712479 -352.169682 24.426285 -675.681158 -70.815248 -553.975776 -833.296997 -852.200584 -20.391618 754.481705 56.720896 -562.153410 -1592.504878 -225.748442 -949.441893 68.655329 -464.946079 -215.624132 77.862423 -81.008812
-379.099450 -146.523514 -436.891846 -510.841683 13.084304 -741.263336 295.209616 -634.709730 -468.042622 -476.616979 -714.043612 230.069702 34.956646 149.621592 -727.782518 -706.524634 69.676730 -950.160409 -96.138934 -418.889219 -438.287614 -109.384275 -362.329799 -466.776281 35.522407 22.731175 567.630626 -218.194133
-1253.701529 107.623211 229.268354 232.636279 -500.740108 -614.146621 -604.441468 -251.369999 -568.781964 633.767862 -201.404761 -260.978020 -1144.982425 273.528576 -49.279694 -902.876304 -1697.743976 -196.377400 -295.683691 324.055466 -529.184208 -528.653785 -20.703380 53.870490 129.609899 -599.353618 -565.472766 242.848695
-651.758762 20.023498 -349.567243 -129.296227 190.026300 -500.219599 -471.285016 -448.670378 -216.678066 -89.867187 -988.287378 -737.537167 18.154970 -627.578313 -619.840668 -493.789463 498.746384 -511.354381 -641.657564 -624.220312 -239.307857 94.094555 8.458396 -389.591822 -771.161724 -503.898080 -468.593266 -199.337171
201.354919 -1017.652259 -222.510983 -475.057463 404.978569 -1049.250732 -330.886305 463.359656 -435.871914 -389.028325 -710.489114 172.444828 459.081846 -1008.309046 -537.734449 271.447314 243.197900 -896.319711 -474.066126 -1004.436529 292.111341 385.929508 -271.901183 -148.062667 -453.755421 515.686118 -195.836245 -606.558811
-168.775046 -825.089397 856.869817 -605.430560 -747.912346 347.303099 -135.157114 -175.145478 -721.406749 -629.840379 297.652202 -701.461078 -473.168529 49.047355 130.355719 -1154.503862 -148.792892 -151.539485 -1124.870492 160.681189 -308.600815 354.550138 351.555084 -855.378249 101.579784 -534.954525 -15.895819 -809.356091
111.893578 -135.663734 163.443066 -561.252032 -93.842137 -542.995410 -1040.315958 -730.408717 -179.374008 -140.479923 -542.424261 -653.865277 -240.665864 -131.321567 -477.145364 -658.966009 -322.897116 -99.232420 -509.175195 -45.517964 -898.122509 -796.978090 286.056961 -921.734212 -888.192895 284.070518 -44.994790 -290.364018
-559.274636 -90.262049 -349.535415 -125.222009 -20.093759 -804.016397 25.159173 -107.269666 -337.845392 -317.618176 -296.133621 505.947566 -682.670005 -721.922219 176.392554 309.684993 -28.070212 -812.341021 56.039579 -389.703753 -1.729845 -845.444959 -515.126312 -513.468968 -564.984771 355.428091 -30.567545 -1047.059239
-594.263847 -51.210077 -198.007007 21.042212 -279.260899 -98.549971 -784.804790 -1142.270559 -681.616373 -389.662288 426.982157 193.657478 182.201262 -29.435961 -383.449392 254.139902 -133.855497 -54.945948 -123.850288 -104.955152 560.416104 -871.644878 179.576770 -780.610862 -1091.362025 -417.813416 -376.135012 -957.920161
514.113608 -986.245189 -220.728148 -804.916492 352.185521 63.202078 -412.884939 -731.075581 -362.507777 342.906609 -19.206549 40.858389 -715.281294 -186.847576 -409.798444 -15.379840 -86.381028 543.613626 -287.913896 17.097167 -1071.385396 -23.772238 -345.421778 103.068843 -663.640243 -492.111769 -451.289645 -514.672929
-23.681945 -402.256788 -29.266087 -216.065861 -633.202854 -204.601676 326.576975 -40.092486 -419.324562 -804.440289 -426.492698 -180.837805 -354.956621 242.963674 -180.554934 -905.505453 90.553148 -26.090772 -281.990748 35.990414 -757.846855 -143.762995 -649.105608 -363.067651 301.128886 189.069344 -568.336965 -1130.662426
-1539.922648 -128.407886 -442.936602 -563.988308 -540.184121 -564.109787 401.593854 -351.629427 -62.316671 -707.060518 -263.542895 126.713456 81.917774 -338.873052 -353.713917 -471.874987 -19.192713 -782.040222 606.063201 -308.496770 2.431328 -690.491463 31.509305 -625.478445 -185.190756 134.300332 -283.745085 -460.645238
-526.848413 -355.060512 3.764485 -732.635448 53.216961 11.991610 345.923103 -285.084933 356.266466 52.899894 -646.453264 -377.886987 -762.179594 -413.703541 -247.720602 -890.157700 -776.126908 10.643240 -636.911161 -488.776895 -1067.273163 274.356807 276.005018 -611.536756 -104.465617 568.082293 -382.096185 108.153197
368.719658 -1292.776640 285.065870 -1060.836614 166.405080 -315.721124 -379.670837 11.899570 -247.207498 161.308293 -1285.638817 -754.378613 308.245214 -553.864346 25.611326 -1069.686062 -71.029153 181.636274 -481.711246 -123.808050 -634.987179 93.569257 210.529918 -189.385799 -54.963118 -309.395954 -475.164006 -351.727672
-298.232848 -707.442179 -225.125458 -503.999166 -1210.699371 -742.956911 -247.615418 -446.915164 -651.314488 -623.491635 -159.621922 5.151626 180.534271 -109.125995 -350.335019 325.569041 -1.418137 -153.833669 -897.547315 -824.548674 -349.605706 -1130.287402 127.077244 -83.125618 226.102575 -553.388486 -566.341500 -546.959463
-895.271160 645.949963 12.162099 -299.202797 -1672.847294 -155.388620 124.780975 -426.826716 -635.657153 -1076.188498 339.326522 -515.229965 -924.736410 391.091160 -81.441955 -241.890035 -460.456264 50.960046 -1044.172818 -313.567528 -830.656534 50.544465 162.584675 -466.560516 -65.133932 -89.333248 197.157022 -1534.900849
-507.127006 421.616522 -267.503875 -442.221314 -426.523776 -225.734261 8.731335 173.532368 -187.955462 -561.617654 -853.851781 -179.929286 710.216226 -669.684693 -641.856877 -292.336214 780.102483 -433.123851 59.761361 -914.821458 -113.141612 188.270324 -396.931921 -155.184960 -75.607730 -136.710260 -313.873217 -840.838577
-625.481397 16.777237 -72.559846 -700.247356 -137.111776 -142.480337 209.190197 377.357574 -84.340696 -265.928544 -764.351603 165.455499 -243.267476 -741.011571 -852.323028 561.178333 -968.773465 -125.470316 100.534679 0.350741 -169.644847 -532.335694 -1047.019805 239.402983 -319.787787 -508.833348 -417.714030 172.330001
-844.771594 56.461949 249.733617 -557.854690 -337.933173 -657.481546 67.590184 -888.693824 -400.229753 -325.088391 309.896971 -602.932664 -1073.867790 -475.835720 268.104562 -871.302670 -408.573942 -122.285693 48.845069 -184.006748 -327.429691 -7.233243 855.959547 -530.116913 -373.973746 -859.047036 -40.440177 324.583401
-53.999571 -409.523844 -591.151129 -1223.001223 -595.734013 -575.896869 711.201582 -981.626311 -148.085880 -679.207624 320.702578 -863.895423 458.159345 -437.817403 8.673767 -37.076919 332.046075 52.030283 -474.629962 402.154518 -222.100848 200.936866 -398.922980 -1319.325423 -71.661162 362.449004 -711.096338 90.183092
-794.770428 -174.770083 -394.230816 -896.245146 -1069.023435 96.704263 -396.678895 -778.461551 -377.698255 64.982199 -294.703688 273.127413 -295.323522 -474.712280 -595.135650 -289.202626 134.211686 -146.902087 -701.787098 -782.033046 -648.958344 -35.314183 -887.373888 -408.418406 292.487598 -497.038990 -878.987457 -805.071329

-143.672044 -139.952401 -850.414955 513.081827 -845.545092 -423.248284 -525.401334 -126.135182 506.349488 238.991522 -423.576217 -523.690183 -260.319563 -711.559643 360.382977 374.812112 193.001508 -12.433629 -49.061160 -165.539376 -76.532230 -204.086043 146.125194 148.798496 34.636927 454.818705 -335.703711 184.217149
185.254017 -264.250131 -728.578023 197.220594 -323.227085 -28.580420 13.361736 -171.803458 -250.746692 -284.399630 238.953717 -838.713741 162.485610 -143.055061 -156.737466 -579.836082 -494.338547 -706.297474 200.894339 -334.462181 156.339258 -414.003354 -129.381592 -72.586205 113.605924 -720.033283 -616.301515 -49.970112
-449.478438 -356.193415 -378.038443 34.444412 228.614624 -322.721073 -11.744572 -248.528266 57.761819 -132.349242 -196.269721 -713.664958 -59.663197 65.364297 -579.233318 5.323387 -479.499557 -547.055713 -522.572706 -436.149245 -723.292668 -615.370512 -222.663085 -380.090450 63.710694 -556.228089 61.711956 -43.490470
300.400548 199.451914 -274.582291 -687.917863 231.203127 -393.308168 -322.290462 -293.214008 39.368533 -171.104006 -624.103273 42.971756 -585.702136 223.595609 -435.070555 -374.817054 -375.510740 -184.105130 29.868342 125.479992 161.984723 -701.965746 140.464860 -79.438951 -389.860350 -348.309079 354.228531 96.555717
-585.446706 -158.902265 -351.537451 -115.622344 -740.797850 99.870312 -292.090918 53.052286 386.052959 -119.022199 -489.349352 -217.367527 -149.557517 92.852707 -65.008462 88.020667 23.422634 -363.942446 -224.016180 -452.515904 -399.645307 -227.116507 8.941399 122.888742 23.657687 -575.469395 -441.604342 183.224073
241.626589 291.790705 375.041593 -267.752130 -946.926082 -397.638505 -334.465224 235.366703 351.326718 305.991748 -480.077169 -394.835401 -132.923678 451.896841 -211.875537 -55.631303 -44.303644 -108.538549 244.388606 -78.862986 178.122266 -172.323516 191.584566 -198.779560 87.780639 -545.049411 -104.458231 296.253494
-29.255367 -668.936981 -797.730445 -18.540911 -251.574764 -203.278879 524.199579 27.013781 31.479982 217.427901 -357.829419 -863.944516 -600.216175 126.816910 50.553399 471.806903 138.195832 395.722503 79.036437 -96.829265 -866.939310 -220.637390 -26.167346 -307.915916 -489.366087 -303.378424 -536.665122 -738.474369
220.330056 -164.204574 -313.714529 -634.249498 125.259404 -428.097138 342.085358 -416.955146 -162.999132 -470.855335 -377.689253 170.000640 52.193366 44.879115 -27.895337 -647.545645 458.059825 352.435331 -414.067000 -427.010749 -260.184552 23.582634 -639.485113 -639.006940 -289.675649 -328.498411 67.110093 -597.503669
-536.264989 -123.050025 125.606907 -787.683610 151.783465 59.659583 -73.308200 -51.975915 -219.381473 106.086927 -709.251166 101.020834 232.325350 321.071687 -118.648387 -585.651322 -269.769148 -128.179662 -79.025279 -443.542883 -715.330471 -84.641932 69.286959 -115.008625 67.740878 -195.889024 -673.279599 59.594982
-546.233053 320.559143 7.795508 14.352916 -163.773984 -495.592293 -183.076316 355.469612 -342.359708 418.371422 -440.492758 -664.741307 -344.575241 -162.897930 -114.781243 -213.331393 -50.805538 -111.006827 -243.008012 -620.213004 -519.627462 -207.795730 409.425782 -650.610484 -627.344958 -204.643439 -610.016201 108.846842
-509.459264 -110.917843 -74.885669 -338.654402 -255.138947 -708.472124 -805.656484 238.620755 -442.021086 158.083166 195.165025 -494.015223 -657.952918 -227.745265 -145.564297 -122.447569 79.246544 -610.114038 -4.970444 -540.240399 -543.812984 -619.280923 164.453082 470.868771 -499.649444 171.203628 -123.491862 -257.721071
525.689401 -482.514900 1.718641 -161.354418 -392.189321 231.078875 140.049175 673.567501 179.934523 -790.408912 -226.307922 269.815618 -217.483585 -1058.259306 -116.436183 194.835288 292.553073 -626.437653 -660.561141 -141.504740 464.705407 88.452537 16.412362 -493.931014 -137.766003 269.472349 71.505941 -261.909586
-39.655800 -239.228683 122.094573 -254.360067 -791.947439 -259.390922 -568.164292 -430.466054 171.025250 -541.041227 -350.472308 -279.920602 111.942931 -62.895013 -242.368235 -531.008142 -359.198079 164.185814 -646.427467 80.200731 112.608703 -790.101608 308.337900 -568.240078 -329.537190 -95.957118 -202.789337 -665.045515
-31.147152 425.082015 -167.581594 -673.096561 73.312942 271.947146 360.907321 -130.843395 -234.567237 6.032475 -573.637472 -801.503073 -186.525369 38.909073 -689.207850 -533.902171 -167.538281 33.172164 -417.332856 -65.702314 212.766390 -114.419637 35.699078 -102.544298 20.449648 -62.750870 -407.907791 -822.867682
-535.015638 209.029530 -276.141886 295.281958 -106.516832 -922.989973 -582.652060 -352.487605 -348.270995 -594.182117 -4.225856 321.882325 -455.555669 -463.287471 -290.363641 -172.511279 -903.308400 -507.294143 399.919598 -242.394819 434.718735 -260.969138 -616.181955 -519.278435 -452.049971 -193.738379 198.200637 -945.497468
-406.935270 -70.432078 -418.266270 -220.811455 -396.200661 -116.837195 -302.021988 -688.870032 118.144771 199.319225 23.491049 -281.263830 -825.661890 -358.419782 -522.716190 235.423882 -98.021922 -283.586415 -340.619267 -281.203770 261.068888 53.596117 -250.556485 -89.407580 -66.500010 -118.120598 295.055152 -143.058274
271.307440 189.874232 -121.382799 191.973032 -101.276651 133.338114 -463.299294 -479.993344 21.261797 -237.825879 -522.364361 -269.779868 -500.519708 -245.339490 -269.919359 -166.199593 -500.123750 209.923235 -728.354713 -53.456656 -1080.177831 -43.964459 -142.489977 -193.771124 -100.543133 -108.948781 -297.776127 -84.191838
-118.193139 110.018828 -290.636415 -739.770767 -1040.752813 -268.587209 -252.408959 -561.022435 -180.772086 -72.966008 208.033441 -15.699630 -24.237731 -35.234514 428.710204 34.428401 192.987321 -5.604694 38.044109 296.460162 -723.773140 -448.220820 -217.412391 -92.774470 -158.525927 -199.698109 -534.223522 -557.594630
-629.766790 256.963657 -101.047977 -344.197135 -436.697699 -168.142551 -68.960907 -416.583128 -27.972070 107.401238 -17.593504 -230.407270 504.686688 81.627206 -153.437214 -364.661769 -240.598687 -569.419504 -554.073889 -398.487447 -208.103556 -483.474791 -510.733607 -585.493556 -547.616911 298.367539 -734.196080 -527.861354
-198.357501 -451.843127 -161.737566 -6.777973 -65.746214 -168.226149 -32.297093 285.288911 -457.451400 219.461045 354.238692 -432.449984 -45.338448 -776.674610 0.573907 -455.574105 -395.228431 579.253101 -209.186676 -357.751005 -84.247438 291.635166 223.153013 -482.799530 -1033.014563 -35.180893 -128.100469 -314.326490
40.169824 -379.158513 -164.101999 188.037471 304.611535 46.155501 -542.020215 492.949867 -198.061621 -112.692302 -227.925036 -304.842225 466.583768 -673.864722 -177.390506 -127.891130 359.669707 428.691690 -383.274366 -673.463554 -145.759675 -681.312177 -155.398995 -103.045386 -308.275794 -74.810743 -53.298642 -312.833533
-212.593785 211.881343 22.231091 17.247816 -497.546549 714.703339 40.828603 -602.903355 -262.391447 -204.324972 -557.086714 -261.141574 -473.432309 -253.707930 -353.846057 -102.571198 -464.712697 12.773357 -584.519912 -192.963179 -23.235841 -191.284181 129.751389 57.753895 37.267050 -519.064796 -323.010280 -557.308748
-867.137654 224.253896 -154.949731 -229.213786 -972.499367 338.874936 101.635710 -981.195380 -913.184994 -371.955402 -108.978077 14.098574 -106.421833 -180.232484 30.400151 130.715486 388.653463 -517.994323 -335.488571 -430.188892 -197.890894 98.356159 5.393086 -252.001890 412.920266 -526.846693 -265.580381 -680.716697
-744.902771 -104.117074 -448.674444 -723.627179 -471.419708 265.672812 137.544015 361.205080 -271.673596 -68.866612 143.343314 277.695239 151.757647 29.463393 -520.662940 -168.541483 -262.337112 -753.461848 -21.352394 -240.479990 -304.632135 630.296734 -614.857243 -271.842776 -272.569796 -361.793286 -655.949578 -26.128215
-552.133613 14.686315 187.513757 -415.199119 -143.673354 -169.516157 -525.840482 17.927063 -398.816935 -170.201466 -414.226774 375.534424 -221.935270 -425.228964 -587.011372 -585.544128 -386.318606 -544.869733 -314.256685 -788.871977 -247.251315 19.803574 38.975124 -109.908727 -588.992099 13.394467 -60.855285 323.512797
240.835908 124.790498 168.093014 -611.595577 135.218086 38.388465 598.662378 -297.376073 -487.940126 -320.969739 90.531793 -526.884306 -665.982439 38.503967 354.361460 -419.395515 -416.058094 6.073644 -48.933818 536.681772 375.397280 -415.270543 358.499494 -303.795589 -802.014761 450.649041 -441.348140 203.461263
141.156344 -128.373682 -357.391554 -425.724726 130.603418 -121.836875 183.386182 -690.365507 -326.566182 -332.258419 30.847859 -228.412653 187.863286 -130.870657 -126.533763 206.635288 421.160098 -100.137821 -969.649204 -737.373407 -229.017170 -216.757611 6.296121 -58.010230 60.299262 -429.526776 -800.793282 -237.404170
-78.327169 -253.124889 -785.344714 -904.814932 -492.553400 258.766266 -262.116262 -248.627193 -496.201725 18.383786 -374.825784 -33.224212 -475.476711 -713.689992 -263.875682 299.552547 -397.926484 -365.724559 327.980203 397.759289 167.095625 -43.868940 -698.409284 -225.901753 122.378723 -636.748309 -428.943265 157.312901

-1012.101461 128.829150 401.067057 -1083.736507 59.964104 -22.462912 -95.967728 315.182386 44.016830 -103.087709 -624.747640 -180.221989 15.286604 136.743996 -393.516397 32.229948 -286.521296 -126.321038 -511.795711 -74.104192 31.193331 77.456949 -149.282664 364.515987 -635.898148 198.899383 247.290321 -620.951405
-678.110386 53.804138 -570.380404 -448.214937 39.199287 -396.438787 270.207264 208.187305 88.450532 -84.868057 -836.779709 10.978989 -96.474467 -355.198851 270.642422 -625.166278 -311.483420 48.521203 -146.767393 -538.295759 -547.145140 -468.038160 318.310497 474.761280 -837.527764 120.735020 -129.773169 -469.349610
-465.695239 -480.246085 -500.193584 571.189553 -462.852597 75.639283 -53.044852 238.507062 61.762452 -1092.895937 -213.998956 -321.064025 120.619865 -193.063081 245.342346 -305.811153 -627.645372 -639.258625 -249.409455 -467.106219 -1012.460583 473.436017 -786.092780 -556.990849 -366.033491 112.193702 -794.825862 427.857144
125.924067 -493.048819 -155.505702 -802.526876 182.391053 -313.807963 87.358078 219.230608 -410.250072 -67.609064 42.481283 -532.052878 -139.686818 -254.840507 -303.036664 -117.641669 112.602978 -144.672167 97.343410 -734.325891 -410.238926 -526.092723 -27.630867 -392.218761 -278.682613 -28.688761 373.434640 56.871534
-496.535758 238.306539 -347.600055 -235.733585 -122.725725 -103.744882 46.214614 -43.569993 -582.002693 -259.535798 -30.459714 10.869523 306.765066 -114.818122 477.839997 -283.093619 -426.158522 209.692869 -102.061961 -45.251442 -335.947819 399.953894 -160.826666 41.012617 -380.383876 -19.197433 12.215802 -404.955107
421.653484 -42.176156 -160.508458 -575.114281 -24.196327 36.246014 84.708841 5.111052 319.080707 -373.006760 -812.185478 159.337973 124.870181 216.222739 165.155591 -527.646170 426.785745 83.826449 -615.816253 -381.526251 656.117500 188.631768 99.655286 -269.504543 -454.125114 -35.195306 -67.875814 -395.172292
-234.861995 161.335897 75.282978 -248.708932 -590.096138 360.990491 -687.258868 384.079239 334.905040 -361.800410 -72.398045 -659.430624 -71.412993 -441.337324 -125.558847 490.881903 58.001551 -214.396177 -300.932280 -183.062118 46.662347 222.046845 -424.155500 59.537575 -523.991299 -631.649380 -677.368056 77.171473
-379.677641 -252.585442 -738.964557 116.457454 -58.767903 -186.085687 345.621351 186.693776 -531.879978 -616.138383 -197.552175 -296.882212 -79.161385 -268.701507 -9.309946 609.732964 372.912242 -524.857682 -526.107914 -447.494382 171.520490 -520.364303 -153.228338 -214.670077 -132.896056 -236.376451 -412.978119 -861.341348
813.630496 -283.749564 -454.996118 41.257218 -539.839101 -272.957435 89.678173 -115.493754 229.197104 -140.554832 -254.450802 -159.225571 178.021489 74.895895 -382.462748 -111.410278 -318.250857 368.259798 -439.793850 -321.022623 -561.173403 195.831116 -46.668975 159.669745 -622.938140 -290.474262 187.418222 -422.832998
29.502675 -486.685612 346.354451 -142.117364 -388.725646 -184.666558 2.612736 -179.279665 -43.743588 -588.764303 -15.349242 274.047095 -313.226422 -907.743535 111.225476 -274.273113 67.254195 -158.414689 -452.559047 -17.798042 -74.032318 107.198222 -638.763163 -495.511703 -86.727766 -136.287908 111.882050 -420.495841
-724.821012 246.182217 179.172309 -945.566244 -417.708330 6.080235 -50.579425 -314.008410 -100.560598 43.745009 -214.588059 -473.908956 -643.071217 53.071109 -159.988388 -322.824007 -460.037912 389.747868 125.052111 -507.885658 -353.752315 -499.724983 -220.858482 -213.786897 -302.511268 224.094962 -631.387115 -12.845068
-134.602603 403.589364 -509.213040 -440.672509 227.139145 -221.117951 -86.074884 -231.217025 -511.636428 343.764812 8.341517 -307.118504 -37.570407 -109.931562 -322.936246 2.856025 -31.631639 -1018.958364 325.270899 554.728120 -262.607890 170.608582 -861.527870 -87.381736 240.624006 -80.841886 -435.710457 -442.846656
360.585833 -302.322546 -368.880360 67.964277 -65.109958 -715.270008 -176.179397 426.304509 -42.932746 -576.785205 -254.689979 122.401232 -292.935118 -465.974702 -197.264041 -124.832015 -134.583483 -439.315907 325.659594 -395.754272 33.870789 209.295267 -335.458488 306.182140 -415.884933 -300.432174 -276.975423 -221.349406
203.352243 -691.447334 36.229931 -444.452987 -503.877047 398.602188 321.413692 -684.858623 120.563915 -150.165448 -375.439570 -139.689247 -796.315570 -315.583785 95.302045 -381.144839 -380.602104 -382.118772 -330.452589 51.863908 -29.119821 -718.887653 -140.805919 301.415285 488.688521 -357.305299 -1098.567986 325.962040
114.841978 12.934424 -81.019876 -328.071320 -445.163061 -596.417447 -217.803939 198.085961 -213.908480 -332.757485 -262.717424 -353.950317 61.827576 -297.450783 -353.145764 -460.874670 -556.020011 -230.343785 -297.421235 53.429175 -279.777062 -422.405274 321.906707 -738.010505 -0.711405 184.436797 -368.232658 121.782316
-578.138560 -278.911107 209.365063 -703.051095 538.284142 -768.760403 -420.097688 -76.807126 113.789715 563.832907 -303.094802 -726.752400 -253.164088 169.702134 -314.300425 -418.824619 71.782929 -813.518913 130.669914 -516.968333 -186.936951 187.280360 -537.637132 -204.464580 -39.395593 -500.993109 354.301020 218.891797
372.875002 -109.959301 -15.014133 -148.926292 -102.483251 -609.109641 184.367970 -60.793726 -36.739230 -222.310970 -53.832615 -214.129734 -667.885218 -3.121036 -366.709991 154.320905 -209.054132 -87.673583 184.229951 -1227.738750 -156.983650 151.945329 -445.416037 -281.047863 129.910980 -83.177347 -377.579106 -237.084534
-129.165070 -15.926935 -207.515577 64.706768 98.193684 -494.161880 -628.721690 -757.077168 -42.033975 -132.997800 -268.506787 -34.014754 -20.331932 142.663149 82.136949 414.952574 -253.544160 135.153282 -151.185717 -547.902102 -114.430919 -147.734708 1.391593 -461.384296 -141.651548 -1055.384244 -219.902167 37.395600
-78.717367 -102.877642 -419.465733 -76.417037 -314.261675 -227.033503 -223.612271 -767.212771 136.554252 -143.622618 97.990191 283.424618 19.005711 277.325414 -527.662568 25.405487 360.377408 -131.577722 -1064.920178 -80.984134 39.400441 -160.836460 -665.550444 -246.906260 320.543574 -915.514501 -795.401833 56.458658
-588.596091 -135.408071 618.395880 -276.048725 30.782450 77.594844 461.129425 -422.592484 97.187624 -357.866519 186.642839 239.898455 -641.007783 -239.999529 -487.486213 -11.527749 -90.769111 -559.802214 104.179485 192.740459 -218.487234 251.055526 -512.735834 -135.828152 -567.155726 -349.645327 249.912489 -196.314186
-625.806386 76.594647 -186.124662 -372.313013 606.006466 172.418500 144.945903 -68.554621 71.231286 -493.960845 335.468642 -137.991809 -175.727523 -617.866474 -570.699578 211.305008 105.119574 -667.830574 237.029007 67.783330 148.383704 -300.063090 -139.596626 -99.851734 -219.587082 -443.136579 -208.532294 64.965284
282.441982 257.116717 -561.206476 -312.344667 587.372508 -16.856264 -595.836241 89.932769 -339.420332 -258.325991 285.854932 -931.679682 137.415318 -24.493886 -340.340499 -139.952421 -890.521746 380.934759 -353.370092 -173.695361 -105.754326 421.944753 -757.380619 -33.563118 -385.756604 -0.016571 -27.855674 -258.068838
76.597172 -572.488070 -874.946106 129.161186 186.859454 -682.921577 -272.483067 -357.280665 -631.224395 -401.655841 102.817376 286.500871 -183.504780 -754.207628 621.286333 -41.188203 -405.176342 -648.416732 -226.111643 -331.738196 601.483641 -540.300305 439.539851 256.590825 -723.573532 -693.023322 25.386716 -137.731439
137.745882 -446.330430 -843.542474 -263.239158 -210.689267 73.732533 365.621143 -1030.460289 -165.292761 50.761557 130.311769 -71.255329 -34.616103 443.496550 -0.021428 -422.296836 -189.237300 310.326133 -930.029880 260.939066 -448.626670 -448.567931 37.398218 -468.312535 -183.617016 -148.091236 -423.029970 -195.281284
-76.019929 -28.744328 -62.812532 331.304408 -541.326305 275.619350 -22.472892 -552.879384 83.044422 453.228658 -188.621121 -478.729151 129.861678 -459.989990 -489.946871 -245.132905 116.011085 -980.766097 -277.728384 -245.667305 -515.801263 702.496025 -440.987862 -836.948285 401.102982 -527.148005 214.761227 -532.825677
278.236134 -233.941076 58.971290 84.044672 246.381024 710.576017 -553.833065 -77.852711 -165.343818 -562.401153 -258.631702 -69.033935 -162.132661 -366.471437 28.755216 -8.264322 -473.506306 -454.026254 563.526269 -8.834305 -534.928922 100.146797 -872.573727 572.564416 314.756044 -203.514593 -93.229234 -205.476551
-46.834106 -11.828065 -344.915070 -381.227249 119.676856 -176.443988 -524.336815 148.888536 174.082758 -612.835036 -328.714695 -89.019993 -438.102391 64.958386 778.208266 -167.143299 54.456274 116.924485 -393.078319 -502.458926 385.316690 -370.009344 -32.042547 284.900716 -950.093119 -111.485309 -4.193120 -477.233795
-72.201294 -794.855321 -851.707765 -163.655566 99.444320 -583.754791 -48.413932 -438.342346 26.000127 -46.225511 34.668841 -506.363507 -638.412769 316.301673 22.290398 -656.489266 -185.914626 277.121507 -160.429493 99.183129 -524.185952 -438.201528 397.329843 -84.407749 -639.389810 174.494581 -108.735767 -144.546163

646.693824 56.921743 510.812163 453.887601 232.010754 315.686947 410.537404 243.476882 -311.467473 -21.640381 898.153723 463.798946 227.977197 -303.428583 1034.662760 285.931288 59.921986 928.550943 1131.718456 500.273975 682.120415 858.912134 581.330102 225.624774 971.775381 944.077094 153.155733 740.699680
56.952989 592.987413 -30.169388 1156.691228 162.145666 988.147654 467.151587 155.220417 82.011664 -79.954090 764.105807 40.792436 591.244775 -181.783468 382.115337 162.284039 105.403001 -130.203973 -275.519325 309.690185 167.393669 911.646029 51.529233 277.641882 422.121273 390.645602 81.108830 -84.179565
547.518439 495.410417 875.631166 -20.032379 984.365760 665.879975 350.872967 -335.895579 -244.241870 101.060448 530.292401 842.595622 498.061192 160.276494 -577.462651 -3.705878 42.572036 -288.413946 93.848086 130.443512 649.052041 180.321714 427.113522 204.694727 513.791038 519.520150 649.261480 866.099712
-277.435578 147.492899 561.192489 1105.461341 386.883742 316.142007 -294.055488 378.914786 197.673126 -92.892573 675.490207 428.044739 432.684643 -447.107639 637.921199 -309.866342 561.266826 176.464173 -49.733225 58.018862 682.402096 155.087907 879.101272 496.594826 602.789555 853.598555 493.689192 379.871671
207.219870 1186.762497 268.176474 846.383323 -241.361036 -75.005924 177.919557 352.740853 598.887840 415.999427 684.552485 690.467656 319.330966 77.189491 115.361668 736.069277 60.978153 511.689517 238.574750 380.469377 840.540765 576.999890 142.028512 650.600832 652.485208 294.431697 1182.375936 -16.845494
1329.721897 -258.023213 976.829689 339.453075 405.975759 593.598612 355.330905 86.887676 86.718611 378.789643 848.364418 887.474710 0.059357 693.690211 -148.997132 1068.544242 -328.209899 957.293413 1003.013338 1144.407463 646.587306 485.313442 879.643835 110.946528 687.619141 424.830193 538.932450 887.206568
201.408937 152.389128 26.186515 844.550961 -375.643534 563.675612 624.396387 556.207669 226.967659 -51.141202 748.769850 -7.547249 1143.099054 305.857023 874.816164 -22.437030 732.233238 774.451161 1250.560938 849.286085 450.728900 846.171141 -378.360314 -189.800949 -332.349095 1076.071406 700.987208 -638.545637
904.052726 311.647641 260.534372 143.306848 1319.282842 153.834437 820.386815 -208.799306 30.419094 251.973127 180.700278 1255.382301 327.818191 1398.151099 721.248822 555.073911 115.619332 407.224590 365.007309 930.573682 772.323149 0.185258 197.927303 216.651129 498.599816 92.435433 591.534283 -271.438223
-78.766375 -144.803385 510.201994 221.031015 1091.585900 1106.169533 -316.612863 578.632215 489.999062 197.066711 930.705362 1083.374226 294.918783 145.315175 902.421953 680.139325 103.279771 312.256028 129.620498 1354.766102 -199.908076 534.348282 -326.018502 743.392876 405.874324 -120.733920 58.417017 670.995803
-121.506606 414.358895 283.802030 337.680857 386.370012 -136.743579 646.061597 -298.157053 706.504794 864.645191 51.864395 537.232317 635.104059 66.447456 458.413652 524.885114 849.589596 -71.012614 1025.200573 -538.748947 260.737305 -153.263944 185.954906 672.240375 -38.485908 544.319582 -99.878505 1148.263570
792.043787 251.796048 -89.992585 276.002679 871.877267 -157.793365 747.700206 1061.146820 25.068921 919.155824 -47.591510 632.644208 334.302707 700.973677 124.259737 980.716123 1264.127715 -424.092437 -64.146279 -258.095841 368.107132 469.780394 350.888122 744.010819 26.134489 1015.549577 1073.975624 1030.036602
424.284144 -466.541020 937.887190 460.225388 -6.180764 1088.726420 -35.883830 1116.666725 681.203733 263.620114 930.452200 421.233115 156.443430 293.774188 1292.313296 25.296409 492.459941 397.787019 174.703787 353.906611 102.886788 275.056710 369.279675 139.437067 1255.365966 -257.419759 571.766960 686.273099
677.174790 -186.507752 812.764841 -314.892979 652.276942 495.392167 1087.649663 -458.347444 355.893170 791.578035 -564.770267 407.778537 481.780354 612.313728 372.193707 -111.363801 394.188814 843.589838 565.573858 -133.409376 679.165700 250.012709 842.212501 43.557119 374.107345 763.563462 -644.043610 1056.333000
359.707743 461.827359 134.102500 505.236601 1645.995248 272.521452 471.570574 772.567333 69.695383 241.522529 15.608811 132.299508 984.155860 211.768896 -644.313216 247.315256 724.672333 -227.895066 733.012511 -55.000648 747.271876 1039.791357 800.329011 88.398706 575.308391 59.186093 736.944726 89.118833
-114.043748 -291.893091 481.585338 129.104962 556.288421 543.911700 703.223999 -111.325998 -388.889999 28.878578 887.017179 117.587123 -230.467812 445.719808 188.290863 -38.940018 8.509795 720.472872 731.424336 -6.547462 812.843461 566.681907 985.352629 285.522178 1169.388879 -593.910735 576.209146 584.078626
991.410153 195.328035 676.509603 481.156512 448.592914 325.096403 1014.859287 -220.656059 427.124238 -61.520484 -68.216071 770.002451 -875.539041 358.762933 -462.153115 554.106407 -427.940579 334.448045 573.577510 912.090639 -17.464712 572.337038 76.966510 1091.354661 750.914173 613.027294 795.131935 1010.304700
249.394774 717.839816 210.410137 578.490781 -8.433033 237.699124 444.075803 625.240014 437.761395 -566.087545 -58.065519 174.520534 331.239358 331.495578 271.632987 797.154984 266.987456 -134.658592 296.762210 956.908008 383.904221 49.448591 517.188005 468.616050 773.706056 129.943372 818.061304 401.179932
-475.962751 1102.200624 -128.595928 -176.318320 -204.420200 -233.697131 437.981426 -110.109623 591.982275 -184.372308 961.695150 415.278441 695.230702 1471.763977 327.208348 527.400724 83.968343 259.219578 535.500556 362.034915 794.330726 -35.934392 133.114181 309.508386 366.561995 126.300866 259.781291 468.521555
1000.837663 -41.780212 162.115781 -9.695097 497.577561 -203.199171 115.726947 801.092669 764.480729 261.707814 827.990583 478.822976 462.104754 377.254630 289.422999 507.564139 -484.817067 391.457215 368.430964 1082.822222 -888.535672 1167.988427 -571.075600 784.998360 -623.399234 120.215799 533.657104 723.473990
799.270714 298.558881 469.003471 663.561852 887.299497 -405.454884 180.583105 712.892712 634.737099 891.419713 164.387237 -406.705289 1139.484938 42.025644 1043.827965 -235.455326 1106.730499 592.572071 864.184015 -14.696860 1251.222034 -362.843794 129.558029 65.476918 501.658559 547.914541 456.409518 420.821250
354.586516 492.254179 193.117446 1560.213202 365.698604 253.707815 591.699255 827.312950 586.956577 157.617988 713.320022 -308.838662 309.280312 229.310922 315.574584 1010.448629 65.031861 1442.805541 -97.992210 556.558546 122.246272 -173.045203 93.345470 -69.320414 641.682297 615.102533 434.404183 453.256224
826.582051 301.194254 714.245427 960.949410 133.748141 485.216317 148.886982 218.894873 655.954821 160.187193 -94.745406 421.968935 -218.404363 -342.120354 941.722887 240.607325 875.229190 23.948893 369.899935 876.694558 -503.550554 258.496084 495.707997 568.908566 934.968581 103.350682 907.227760 -276.575473
424.110104 25.892528 405.717658 248.066637 141.976449 537.758906 -0.218944 -10.776736 980.986769 1048.130321 -232.047872 162.613564 945.506526 304.628088 886.321836 -144.081967 574.011638 414.356633 766.837055 523.252241 584.946212 180.144867 145.328605 236.053305 804.633340 245.118441 199.704746 331.323996
-98.001546 182.576737 45.397011 1107.298117 36.375244 150.432915 -501.187056 1156.944948 390.573389 644.262476 857.478603 623.950036 228.656791 840.717991 -292.740908 537.482623 -510.734564 86.140672 9.342973 231.942423 -363.538863 822.485550 -221.355453 661.676172 250.901156 125.896021 1044.090788 572.998046
413.539153 541.591178 309.426045 767.774832 567.503227 -204.395720 -16.563611 879.888875 504.518331 -450.459102 405.727447 439.222466 -475.508842 43.599249 742.737783 -520.548206 516.129352 -296.611533 689.334551 259.142705 664.258127 15.718249 504.568677 575.619537 64.407803 467.852425 840.222032 746.689136
1194.357968 891.704489 677.752403 502.044783 891.710417 -100.317094 662.570225 0.154792 1120.641392 261.754400 368.011290 -51.589448 1064.424878 388.099213 234.680360 -216.859474 761.122581 942.004657 -309.601731 338.447208 565.024896 667.963351 708.629869 587.787126 -61.175487 1174.958770 -427.921093 289.069527
395.804149 -41.446752 123.549079 536.358695 503.312387 148.924780 488.364099 246.043892 -200.475700 376.958023 246.304980 792.576226 381.430176 726.463289 -363.730590 821.025030 417.556751 -529.135190 447.528764 716.465788 322.973706 144.697542 -55.000993 744.255609 586.076887 -11.415896 232.612407 17.363740
-233.794953 205.560629 292.831913 697.983431 464.717534 55.252799 439.073987 -116.638597 189.287992 -57.578078 400.714828 261.535319 421.226178 -234.197174 837.083040 178.522241 325.288017 324.300667 822.476433 581.952738 504.965806 813.931405 786.569147 470.572935 608.549667 -257.225277 4.000683 1079.401641

